20
  1.000000e+000
  1.000000e+000
  1.000000e+000
  1.000000e+000
  1.000000e+000
  1.000000e+000
  1.000000e+000
  1.000000e+000
  1.000000e+000
  1.000000e+000
  1.000000e+000
  1.000000e+000
  1.000000e+000
  1.000000e+000
  1.000000e+000
  1.000000e+000
  1.000000e+000
  1.000000e+000
  1.000000e+000
  1.000000e+000
4
  2.451420e-001 F

  1.671035e-001
 -2.871294e-001
  1.041110e-001
 -9.446651e-002
  6.488509e-002
  1.693112e-001
  7.090310e-002
 -1.651994e-001
 -1.028174e-001
  2.489440e-001
 -1.800035e-001
  3.161635e-001
  2.075094e-001
  1.627174e-001
  2.404021e-001
  5.555926e-002
  1.800037e-001
  2.281458e-001
 -2.044374e-002
  2.165642e-001

  1.062784e+000   1.062784e+000   3.157959e-002  -4.855214e-002  -2.096017e-002  -1.822493e-002   1.757603e-002   4.039811e-002   4.210693e-002  -1.824857e-002   2.835622e-002   5.215974e-002   6.422849e-002  -4.371266e-002  -5.912080e-002  -2.301240e-002  -4.285734e-002  -1.060964e-002   1.977345e-002   1.054789e-002  -5.056854e-002
  9.562843e-001   3.157959e-002   9.562843e-001  -2.347147e-002   4.860174e-002  -5.500577e-002   1.049020e-002   2.021986e-002   2.049746e-002  -8.233692e-002   1.181979e-002  -1.940939e-002   3.498641e-002   3.496786e-002  -4.929876e-002   6.154699e-003   1.816431e-002  -2.330971e-002   1.894630e-002   7.877604e-003   4.907250e-002
  9.803392e-001  -4.855214e-002  -2.347147e-002   9.803392e-001   1.833664e-002   8.559798e-002   2.306181e-003   8.565101e-003   6.067979e-002  -1.306120e-002  -4.303915e-002   1.685105e-002   4.325886e-003  -3.181279e-002  -2.641580e-002   7.278268e-002   2.616185e-002  -4.421418e-002  -3.107872e-002  -3.059872e-002  -2.222672e-002
  9.623638e-001  -2.096017e-002   4.860174e-002   1.833664e-002   9.623638e-001  -8.162197e-002  -4.469466e-002   9.570555e-002  -6.255250e-003   6.869869e-002   4.837812e-002   1.146729e-002   2.008103e-002   1.401847e-002  -2.582737e-002  -1.504413e-002   3.905709e-002   2.176142e-002   5.646472e-002  -2.089251e-002   3.144126e-003
  9.132346e-001  -1.822493e-002  -5.500577e-002   8.559798e-002  -8.162197e-002   9.132346e-001   1.246696e-002  -1.463349e-002  -1.107640e-003  -8.419645e-002   1.210381e-002   4.405869e-003  -2.200675e-002   2.686375e-002  -2.278887e-002  -2.152739e-002  -4.897212e-002  -2.985338e-002  -3.346257e-002  -2.978870e-002   1.166435e-003
  9.596868e-001   1.757603e-002   1.049020e-002   2.306181e-003  -4.469466e-002   1.246696e-002   9.596868e-001   7.209351e-003  -4.460276e-002   4.493582e-002   1.137950e-002  -4.095491e-002  -3.404977e-002   2.609721e-002  -1.019999e-002  -5.318435e-002  -1.810983e-002   3.863081e-003   1.549152e-004   1.814430e-002  -8.325472e-002
  1.034656e+000   4.039811e-002   2.021986e-002   8.565101e-003   9.570555e-002  -1.463349e-002   7.209351e-003   1.034656e+000   2.446405e-002   1.678205e-002   2.684435e-002   7.166302e-003  -2.770248e-003  -4.994460e-002  -2.530986e-002   7.000904e-004  -2.673680e-002   8.237013e-003   4.717120e-004  -1.299783e-002   1.040988e-002
  9.840996e-001   4.210693e-002   2.049746e-002   6.067979e-002  -6.255250e-003  -1.107640e-003  -4.460276e-002   2.446405e-002   9.840996e-001   1.154538e-002  -6.062899e-003  -6.622722e-002   7.443149e-002  -2.474160e-002   1.489293e-002  -3.015582e-004   7.848962e-003   9.618197e-003   4.649359e-002  -1.586865e-002   5.254966e-003
  8.723918e-001  -1.824857e-002  -8.233692e-002  -1.306120e-002   6.869869e-002  -8.419645e-002   4.493582e-002   1.678205e-002   1.154538e-002   8.723918e-001  -2.053156e-002  -6.729021e-002   7.297330e-002   9.625295e-003   1.967306e-002  -2.618252e-002  -7.665323e-003  -2.233701e-002  -4.115650e-002   5.065846e-002   3.292614e-002
  9.516361e-001   2.835622e-002   1.181979e-002  -4.303915e-002   4.837812e-002   1.210381e-002   1.137950e-002   2.684435e-002  -6.062899e-003  -2.053156e-002   9.516361e-001   2.110994e-002  -4.752260e-002  -9.925400e-002  -1.515413e-002  -1.323558e-002  -9.283014e-003   3.390490e-002   3.187770e-002   1.380441e-002   8.073706e-003
  9.670928e-001   5.215974e-002  -1.940939e-002   1.685105e-002   1.146729e-002   4.405869e-003  -4.095491e-002   7.166302e-003  -6.622722e-002  -6.729021e-002   2.110994e-002   9.670928e-001   1.155283e-001   2.226022e-002   2.473307e-002  -1.301670e-004   4.481240e-004  -8.145227e-003   7.090423e-002  -5.652286e-002  -2.385416e-002
  9.426669e-001   6.422849e-002   3.498641e-002   4.325886e-003   2.008103e-002  -2.200675e-002  -3.404977e-002  -2.770248e-003   7.443149e-002   7.297330e-002  -4.752260e-002   1.155283e-001   9.426669e-001  -3.926963e-002  -3.757204e-002  -2.878831e-003  -6.968144e-002  -9.531542e-002  -5.723568e-002   2.281033e-002  -2.684847e-002
  1.070243e+000  -4.371266e-002   3.496786e-002  -3.181279e-002   1.401847e-002   2.686375e-002   2.609721e-002  -4.994460e-002  -2.474160e-002   9.625295e-003  -9.925400e-002   2.226022e-002  -3.926963e-002   1.070243e+000  -2.206759e-002   2.345267e-002  -1.094335e-002  -1.534314e-002  -2.060299e-002  -5.434063e-002  -2.515049e-002
  9.295303e-001  -5.912080e-002  -4.929876e-002  -2.641580e-002  -2.582737e-002  -2.278887e-002  -1.019999e-002  -2.530986e-002   1.489293e-002   1.967306e-002  -1.515413e-002   2.473307e-002  -3.757204e-002  -2.206759e-002   9.295303e-001   2.531924e-002  -2.583671e-002  -6.037044e-003   1.476524e-005   4.528518e-004   2.119954e-002
  9.914823e-001  -2.301240e-002   6.154699e-003   7.278268e-002  -1.504413e-002  -2.152739e-002  -5.318435e-002   7.000904e-004  -3.015582e-004  -2.618252e-002  -1.323558e-002  -1.301670e-004  -2.878831e-003   2.345267e-002   2.531924e-002   9.914823e-001   1.021168e-002  -7.107414e-002  -4.717079e-003  -1.377908e-002  -1.886338e-002
  9.686680e-001  -4.285734e-002   1.816431e-002   2.616185e-002   3.905709e-002  -4.897212e-002  -1.810983e-002  -2.673680e-002   7.848962e-003  -7.665323e-003  -9.283014e-003   4.481240e-004  -6.968144e-002  -1.094335e-002  -2.583671e-002   1.021168e-002   9.686680e-001   6.045493e-002   1.702667e-002   2.702903e-002   2.005506e-002
  1.076497e+000  -1.060964e-002  -2.330971e-002  -4.421418e-002   2.176142e-002  -2.985338e-002   3.863081e-003   8.237013e-003   9.618197e-003  -2.233701e-002   3.390490e-002  -8.145227e-003  -9.531542e-002  -1.534314e-002  -6.037044e-003  -7.107414e-002   6.045493e-002   1.076497e+000   6.224733e-003   4.849053e-002  -2.956730e-002
  9.688176e-001   1.977345e-002   1.894630e-002  -3.107872e-002   5.646472e-002  -3.346257e-002   1.549152e-004   4.717120e-004   4.649359e-002  -4.115650e-002   3.187770e-002   7.090423e-002  -5.723568e-002  -2.060299e-002   1.476524e-005  -4.717079e-003   1.702667e-002   6.224733e-003   9.688176e-001   2.665035e-002   3.513504e-002
  9.497901e-001   1.054789e-002   7.877604e-003  -3.059872e-002  -2.089251e-002  -2.978870e-002   1.814430e-002  -1.299783e-002  -1.586865e-002   5.065846e-002   1.380441e-002  -5.652286e-002   2.281033e-002  -5.434063e-002   4.528518e-004  -1.377908e-002   2.702903e-002   4.849053e-002   2.665035e-002   9.497901e-001   1.207710e-002
  9.606738e-001  -5.056854e-002   4.907250e-002  -2.222672e-002   3.144126e-003   1.166435e-003  -8.325472e-002   1.040988e-002   5.254966e-003   3.292614e-002   8.073706e-003  -2.385416e-002  -2.684847e-002  -2.515049e-002   2.119954e-002  -1.886338e-002   2.005506e-002  -2.956730e-002   3.513504e-002   1.207710e-002   9.606738e-001

  2.520197e-001 F

  1.372691e-001
  3.309778e-001
  4.209599e-002
  2.945830e-002
  1.625965e-001
 -4.378562e-001
  6.747083e-002
 -6.776936e-002
  1.153780e-001
 -3.179880e-002
  2.766421e-001
 -7.397925e-002
 -3.979776e-002
 -7.067399e-002
 -1.436437e-003
  3.029416e-001
  1.044663e-001
 -2.154836e-001
 -8.911106e-002
 -8.894569e-002

  9.225351e-001   9.225351e-001   6.450915e-002  -3.294111e-002  -1.153230e-002  -2.685910e-002   1.654786e-002   1.493345e-002   3.187338e-002   3.685389e-003   1.061422e-002   1.192629e-003  -3.729942e-002  -3.449151e-002   1.020166e-002  -3.091718e-002  -2.909227e-002  -1.044841e-002   2.530942e-002   3.222446e-003   1.585636e-002
  8.889682e-001   6.450915e-002   8.889682e-001  -2.509624e-003   1.389158e-002  -5.738246e-002   2.955385e-002   5.022470e-004  -3.613689e-002  -5.714647e-002  -1.682675e-002  -3.155874e-003   5.520822e-002   3.283653e-003  -1.495346e-002  -6.751784e-003  -3.507588e-002  -2.117820e-003   4.814492e-002   4.070758e-002   5.768616e-002
  9.598279e-001  -3.294111e-002  -2.509624e-003   9.598279e-001  -4.059743e-002  -1.982571e-003   1.732371e-002  -1.031749e-002   5.197363e-002  -1.001529e-002  -9.702760e-003   1.744917e-002  -6.464733e-002  -3.395173e-002   3.959054e-002  -2.454522e-002   1.980341e-002   2.826684e-002  -2.360688e-002   3.360060e-002   3.308532e-002
  1.048495e+000  -1.153230e-002   1.389158e-002  -4.059743e-002   1.048495e+000   1.587382e-002  -2.219507e-002  -4.196301e-002  -1.220990e-002  -2.687569e-002  -3.878094e-002   6.906307e-002   1.194464e-001  -4.861670e-003   1.758706e-002   4.403362e-002  -9.616320e-002  -1.660336e-002   7.251608e-003   4.376023e-002  -3.022314e-004
  1.030488e+000  -2.685910e-002  -5.738246e-002  -1.982571e-003   1.587382e-002   1.030488e+000   5.245519e-002   1.672022e-002  -3.909510e-002  -6.237803e-002   3.917223e-003  -7.341619e-003   2.467987e-002   1.710698e-002  -1.253387e-002   7.212209e-002   1.106821e-002  -2.651314e-002  -1.624749e-002   2.762975e-002   6.961121e-004
  9.187639e-001   1.654786e-002   2.955385e-002   1.732371e-002  -2.219507e-002   5.245519e-002   9.187639e-001   2.929592e-002   4.981288e-003  -1.220481e-002   3.648821e-002   9.691188e-002   2.341607e-002   7.150003e-003  -1.167140e-002  -2.238854e-002   5.041276e-002   1.244079e-003  -1.884615e-002   1.074815e-002   7.311235e-003
  9.548100e-001   1.493345e-002   5.022470e-004  -1.031749e-002  -4.196301e-002   1.672022e-002   2.929592e-002   9.548100e-001  -8.479053e-003  -5.412874e-002  -5.243725e-003   4.586011e-002   8.706412e-004   6.589416e-002  -8.399070e-003  -5.145504e-002   2.905319e-002  -7.422404e-002  -8.339279e-003   1.408096e-002  -3.541085e-002
  8.377380e-001   3.187338e-002  -3.613689e-002   5.197363e-002  -1.220990e-002  -3.909510e-002   4.981288e-003  -8.479053e-003   8.377380e-001   4.430003e-002  -3.636583e-002   4.401071e-003  -1.075301e-003   7.961096e-002  -2.418054e-003  -5.043034e-003  -2.735632e-002   4.359499e-002   9.567231e-003  -2.785340e-002   6.856067e-003
  9.763383e-001   3.685389e-003  -5.714647e-002  -1.001529e-002  -2.687569e-002  -6.237803e-002  -1.220481e-002  -5.412874e-002   4.430003e-002   9.763383e-001   4.898855e-002   4.814834e-002  -2.799055e-002  -1.427610e-002   3.573579e-002   2.530764e-002   4.677575e-002  -3.243738e-002   8.182421e-002  -1.065545e-002   4.512832e-002
  9.613824e-001   1.061422e-002  -1.682675e-002  -9.702760e-003  -3.878094e-002   3.917223e-003   3.648821e-002  -5.243725e-003  -3.636583e-002   4.898855e-002   9.613824e-001  -1.420743e-002  -4.409994e-002   2.990080e-003   5.121397e-003  -6.301689e-003  -1.037238e-002  -3.949433e-002  -3.408517e-002   8.162069e-003  -3.209720e-003
  9.428382e-001   1.192629e-003  -3.155874e-003   1.744917e-002   6.906307e-002  -7.341619e-003   9.691188e-002   4.586011e-002   4.401071e-003   4.814834e-002  -1.420743e-002   9.428382e-001  -3.774139e-002  -9.658429e-004   7.314630e-002  -2.711303e-003  -6.271597e-002  -1.894827e-002   4.872134e-002  -9.098744e-003  -2.057101e-002
  9.844762e-001  -3.729942e-002   5.520822e-002  -6.464733e-002   1.194464e-001   2.467987e-002   2.341607e-002   8.706412e-004  -1.075301e-003  -2.799055e-002  -4.409994e-002  -3.774139e-002   9.844762e-001   4.025202e-002  -3.678513e-002  -5.108621e-002   8.386979e-003  -2.889883e-002   2.924001e-002  -3.903989e-002   2.384908e-002
  1.021508e+000  -3.449151e-002   3.283653e-003  -3.395173e-002  -4.861670e-003   1.710698e-002   7.150003e-003   6.589416e-002   7.961096e-002  -1.427610e-002   2.990080e-003  -9.658429e-004   4.025202e-002   1.021508e+000   3.437360e-002  -1.164510e-002  -2.665199e-002  -4.637241e-002  -4.488692e-002   5.005775e-002   8.257009e-003
  9.330491e-001   1.020166e-002  -1.495346e-002   3.959054e-002   1.758706e-002  -1.253387e-002  -1.167140e-002  -8.399070e-003  -2.418054e-003   3.573579e-002   5.121397e-003   7.314630e-002  -3.678513e-002   3.437360e-002   9.330491e-001  -6.084928e-002  -1.515562e-003   3.124743e-002  -1.742829e-002   5.512592e-002  -1.443414e-002
  9.436834e-001  -3.091718e-002  -6.751784e-003  -2.454522e-002   4.403362e-002   7.212209e-002  -2.238854e-002  -5.145504e-002  -5.043034e-003   2.530764e-002  -6.301689e-003  -2.711303e-003  -5.108621e-002  -1.164510e-002  -6.084928e-002   9.436834e-001  -4.444208e-003  -3.416683e-002   1.511492e-003   3.170791e-002  -4.975395e-002
  9.209400e-001  -2.909227e-002  -3.507588e-002   1.980341e-002  -9.616320e-002   1.106821e-002   5.041276e-002   2.905319e-002  -2.735632e-002   4.677575e-002  -1.037238e-002  -6.271597e-002   8.386979e-003  -2.665199e-002  -1.515562e-003  -4.444208e-003   9.209400e-001  -2.798164e-002  -2.276742e-004   2.667804e-002  -5.839734e-003
  9.352340e-001  -1.044841e-002  -2.117820e-003   2.826684e-002  -1.660336e-002  -2.651314e-002   1.244079e-003  -7.422404e-002   4.359499e-002  -3.243738e-002  -3.949433e-002  -1.894827e-002  -2.889883e-002  -4.637241e-002   3.124743e-002  -3.416683e-002  -2.798164e-002   9.352340e-001  -1.350150e-002   1.244831e-002  -7.120843e-002
  9.941227e-001   2.530942e-002   4.814492e-002  -2.360688e-002   7.251608e-003  -1.624749e-002  -1.884615e-002  -8.339279e-003   9.567231e-003   8.182421e-002  -3.408517e-002   4.872134e-002   2.924001e-002  -4.488692e-002  -1.742829e-002   1.511492e-003  -2.276742e-004  -1.350150e-002   9.941227e-001  -2.080185e-002  -2.726183e-002
  9.476015e-001   3.222446e-003   4.070758e-002   3.360060e-002   4.376023e-002   2.762975e-002   1.074815e-002   1.408096e-002  -2.785340e-002  -1.065545e-002   8.162069e-003  -9.098744e-003  -3.903989e-002   5.005775e-002   5.512592e-002   3.170791e-002   2.667804e-002   1.244831e-002  -2.080185e-002   9.476015e-001   6.873108e-002
  9.934974e-001   1.585636e-002   5.768616e-002   3.308532e-002  -3.022314e-004   6.961121e-004   7.311235e-003  -3.541085e-002   6.856067e-003   4.512832e-002  -3.209720e-003  -2.057101e-002   2.384908e-002   8.257009e-003  -1.443414e-002  -4.975395e-002  -5.839734e-003  -7.120843e-002  -2.726183e-002   6.873108e-002   9.934974e-001

  2.536137e-001 F

 -3.704855e-001
  3.297067e-001
  3.009509e-003
  4.305564e-002
  5.145720e-002
  3.486814e-001
  6.121976e-002
  4.739776e-002
  2.107121e-001
 -4.759597e-002
 -1.694705e-001
 -7.739610e-002
 -5.605030e-002
  1.308154e-001
 -9.833203e-002
 -2.225759e-001
 -4.943224e-002
  2.081502e-001
 -2.287881e-002
 -1.084933e-001

  9.939845e-001   9.939845e-001   4.101079e-002   1.343352e-002  -2.142312e-002   2.375210e-002   7.471991e-002  -1.562705e-002  -3.066512e-002   9.188017e-002  -4.005190e-002  -6.856717e-002  -7.692864e-003   4.252020e-002   5.887481e-002  -8.561446e-003  -3.832323e-002  -3.940253e-002  -3.931803e-002  -1.165747e-002  -2.605931e-002
  8.228627e-001   4.101079e-002   8.228627e-001  -1.168100e-003  -6.955157e-002  -1.256500e-002   2.624914e-002  -7.011569e-002   4.092165e-002  -1.600074e-002   2.235693e-003   3.399730e-002  -6.535609e-003  -4.195497e-002   3.407856e-002   3.812228e-002  -4.495768e-002   5.768782e-003  -1.849839e-002   1.800765e-002   2.315182e-003
  1.031182e+000   1.343352e-002  -1.168100e-003   1.031182e+000   3.802210e-002  -8.242602e-002  -3.965252e-002  -4.883536e-002  -6.724492e-002  -2.947662e-002  -1.545392e-002  -5.317695e-002  -2.967734e-003  -1.359036e-002   2.384614e-002  -3.884556e-002  -2.975626e-002  -1.057870e-002  -2.027125e-002   5.456953e-002   2.655814e-002
  9.861244e-001  -2.142312e-002  -6.955157e-002   3.802210e-002   9.861244e-001   3.064438e-002  -4.201433e-003  -1.231413e-002  -3.661878e-002  -2.045998e-002  -4.964778e-002  -4.513064e-002  -3.470431e-002  -1.516835e-002  -1.817976e-002  -9.135967e-003   7.764120e-002  -1.861770e-002  -4.529984e-002   4.613043e-002   1.284596e-002
  8.914416e-001   2.375210e-002  -1.256500e-002  -8.242602e-002   3.064438e-002   8.914416e-001  -3.414922e-002  -7.852710e-002   5.717416e-002   2.311048e-002  -1.449819e-002  -6.095601e-002  -3.829302e-002  -9.500367e-003   4.756169e-003   1.484141e-002   4.642869e-003   3.596589e-003  -1.260704e-002   3.744671e-002  -2.017706e-002
  9.094676e-001   7.471991e-002   2.624914e-002  -3.965252e-002  -4.201433e-003  -3.414922e-002   9.094676e-001  -3.220574e-002   1.337859e-002  -3.152886e-003  -3.807721e-002   2.145181e-002  -3.547568e-002  -3.055778e-002  -3.027001e-002   1.687741e-002   5.282902e-002   1.130654e-002  -1.438075e-001  -2.084018e-002   5.887900e-004
  9.544962e-001  -1.562705e-002  -7.011569e-002  -4.883536e-002  -1.231413e-002  -7.852710e-002  -3.220574e-002   9.544962e-001  -1.226961e-002   1.176274e-002  -2.931544e-002  -5.373913e-002  -3.145705e-002  -2.663127e-002   4.168105e-002  -5.252537e-002   3.182432e-002   8.617336e-002  -2.308965e-002   1.191123e-002   6.309017e-003
  1.009904e+000  -3.066512e-002   4.092165e-002  -6.724492e-002  -3.661878e-002   5.717416e-002   1.337859e-002  -1.226961e-002   1.009904e+000  -1.238606e-002   3.899388e-002   2.071113e-002  -6.389596e-002   2.881511e-003   5.309680e-002   5.926505e-002  -2.609843e-002   3.058861e-002  -1.062503e-002   5.263177e-002  -1.624014e-002
  9.667729e-001   9.188017e-002  -1.600074e-002  -2.947662e-002  -2.045998e-002   2.311048e-002  -3.152886e-003   1.176274e-002  -1.238606e-002   9.667729e-001  -4.250534e-002   2.307498e-002  -6.724874e-002   2.599280e-002  -3.167292e-002  -4.863561e-002  -6.072127e-002  -4.693035e-002   2.607235e-003  -2.629102e-003  -3.217868e-002
  9.675643e-001  -4.005190e-002   2.235693e-003  -1.545392e-002  -4.964778e-002  -1.449819e-002  -3.807721e-002  -2.931544e-002   3.899388e-002  -4.250534e-002   9.675643e-001   9.344971e-003  -7.317834e-003   3.534311e-003  -4.801095e-003  -1.407988e-002  -2.363626e-002  -8.007245e-002  -6.267627e-002  -4.676888e-002  -2.871473e-002
  9.495935e-001  -6.856717e-002   3.399730e-002  -5.317695e-002  -4.513064e-002  -6.095601e-002   2.145181e-002  -5.373913e-002   2.071113e-002   2.307498e-002   9.344971e-003   9.495935e-001  -2.127951e-002  -7.474771e-003  -5.106593e-003  -4.224245e-002  -3.058502e-003   3.471778e-002   1.471894e-002   2.649920e-002   5.919957e-002
  1.024210e+000  -7.692864e-003  -6.535609e-003  -2.967734e-003  -3.470431e-002  -3.829302e-002  -3.547568e-002  -3.145705e-002  -6.389596e-002  -6.724874e-002  -7.317834e-003  -2.127951e-002   1.024210e+000   6.091391e-002   4.216034e-002   2.537609e-002   1.129625e-002   7.562345e-002  -8.438275e-003   5.283253e-002  -1.240696e-002
  9.729351e-001   4.252020e-002  -4.195497e-002  -1.359036e-002  -1.516835e-002  -9.500367e-003  -3.055778e-002  -2.663127e-002   2.881511e-003   2.599280e-002   3.534311e-003  -7.474771e-003   6.091391e-002   9.729351e-001   3.330513e-003  -3.703060e-002  -6.538840e-002   1.498463e-002   1.836093e-002   2.057453e-002  -3.742132e-002
  1.021226e+000   5.887481e-002   3.407856e-002   2.384614e-002  -1.817976e-002   4.756169e-003  -3.027001e-002   4.168105e-002   5.309680e-002  -3.167292e-002  -4.801095e-003  -5.106593e-003   4.216034e-002   3.330513e-003   1.021226e+000   9.255084e-003   7.759507e-003  -5.105081e-002   1.016672e-002  -3.990389e-002   4.325209e-002
  1.000203e+000  -8.561446e-003   3.812228e-002  -3.884556e-002  -9.135967e-003   1.484141e-002   1.687741e-002  -5.252537e-002   5.926505e-002  -4.863561e-002  -1.407988e-002  -4.224245e-002   2.537609e-002  -3.703060e-002   9.255084e-003   1.000203e+000  -6.210472e-002   8.971575e-002   1.498861e-002  -6.581634e-002  -4.217009e-003
  9.781667e-001  -3.832323e-002  -4.495768e-002  -2.975626e-002   7.764120e-002   4.642869e-003   5.282902e-002   3.182432e-002  -2.609843e-002  -6.072127e-002  -2.363626e-002  -3.058502e-003   1.129625e-002  -6.538840e-002   7.759507e-003  -6.210472e-002   9.781667e-001  -5.514782e-002  -4.900001e-002  -2.229475e-002   4.914171e-002
  9.695790e-001  -3.940253e-002   5.768782e-003  -1.057870e-002  -1.861770e-002   3.596589e-003   1.130654e-002   8.617336e-002   3.058861e-002  -4.693035e-002  -8.007245e-002   3.471778e-002   7.562345e-002   1.498463e-002  -5.105081e-002   8.971575e-002  -5.514782e-002   9.695790e-001  -1.559101e-002  -2.539131e-003   2.755346e-003
  9.739077e-001  -3.931803e-002  -1.849839e-002  -2.027125e-002  -4.529984e-002  -1.260704e-002  -1.438075e-001  -2.308965e-002  -1.062503e-002   2.607235e-003  -6.267627e-002   1.471894e-002  -8.438275e-003   1.836093e-002   1.016672e-002   1.498861e-002  -4.900001e-002  -1.559101e-002   9.739077e-001   5.283128e-003  -3.677173e-002
  1.066061e+000  -1.165747e-002   1.800765e-002   5.456953e-002   4.613043e-002   3.744671e-002  -2.084018e-002   1.191123e-002   5.263177e-002  -2.629102e-003  -4.676888e-002   2.649920e-002   5.283253e-002   2.057453e-002  -3.990389e-002  -6.581634e-002  -2.229475e-002  -2.539131e-003   5.283128e-003   1.066061e+000   3.910138e-002
  9.354015e-001  -2.605931e-002   2.315182e-003   2.655814e-002   1.284596e-002  -2.017706e-002   5.887900e-004   6.309017e-003  -1.624014e-002  -3.217868e-002  -2.871473e-002   5.919957e-002  -1.240696e-002  -3.742132e-002   4.325209e-002  -4.217009e-003   4.914171e-002   2.755346e-003  -3.677173e-002   3.910138e-002   9.354015e-001

  2.492247e-001 F

  1.290492e-001
 -4.224831e-001
 -1.257210e-001
  9.220364e-003
 -2.982947e-001
 -9.633685e-002
 -2.187961e-001
  2.004931e-001
 -3.129634e-001
 -1.765572e-001
  8.239659e-002
 -1.506234e-001
 -6.112571e-002
 -1.874151e-001
 -1.811863e-001
 -1.880615e-001
 -2.187577e-001
 -1.960023e-001
  1.579816e-001
 -2.960110e-003

  9.196933e-001   9.196933e-001   1.919926e-002   6.278397e-003   3.201448e-002   7.772063e-003   3.847296e-002  -4.929338e-002   2.188518e-002   3.845826e-002   1.058327e-002  -7.202205e-002  -3.476327e-002   1.549617e-003  -4.273279e-002   6.455258e-004  -4.880232e-002   2.487649e-003   3.098208e-002   1.013257e-002  -8.128013e-003
  9.343900e-001   1.919926e-002   9.343900e-001  -5.678530e-002  -6.665819e-003  -2.224199e-002  -3.398872e-002  -7.910895e-002   2.194007e-002  -4.549970e-002  -8.750376e-003  -2.879829e-002   8.064164e-004   4.541028e-002   9.582044e-003  -1.533496e-002   6.636514e-003  -1.801376e-002  -5.731500e-002   6.779694e-003   3.884381e-002
  9.352854e-001   6.278397e-003  -5.678530e-002   9.352854e-001   3.769644e-003  -1.125243e-002   5.058734e-004   4.297265e-002  -4.286138e-003   3.419555e-002  -7.426584e-003   2.115761e-002   8.330742e-003  -4.183563e-003  -3.385282e-002  -5.612517e-002   7.035353e-003   1.853922e-002   1.884583e-002  -1.177073e-002  -2.448935e-002
  9.815718e-001   3.201448e-002  -6.665819e-003   3.769644e-003   9.815718e-001   1.179978e-002   5.319480e-003  -5.526483e-002   1.003160e-002   3.483206e-002   3.600196e-002  -2.782195e-002   1.348834e-003  -4.534031e-002   1.947374e-002   5.043710e-002  -1.567663e-002   3.334247e-002   2.209645e-002  -6.705729e-002   3.269776e-002
  9.566122e-001   7.772063e-003  -2.224199e-002  -1.125243e-002   1.179978e-002   9.566122e-001  -8.500364e-003  -2.430222e-002   2.723738e-002  -3.640330e-002  -2.704951e-002   1.599863e-002  -7.529629e-003  -2.013267e-003  -2.868226e-002  -4.218689e-002  -3.636951e-002   8.468961e-004  -4.993706e-002   3.899617e-003  -1.242158e-002
  9.773356e-001   3.847296e-002  -3.398872e-002   5.058734e-004   5.319480e-003  -8.500364e-003   9.773356e-001  -7.824112e-002   2.869835e-002  -4.000663e-002   4.533910e-003   2.371975e-002   3.046270e-002  -1.495967e-002  -3.885282e-002   6.345549e-002   1.059936e-001   6.090874e-003  -5.366134e-003   2.328972e-002  -1.135107e-003
  1.003393e+000  -4.929338e-002  -7.910895e-002   4.297265e-002  -5.526483e-002  -2.430222e-002  -7.824112e-002   1.003393e+000   4.720359e-002  -4.889321e-002   6.863572e-003   2.013591e-002   4.698222e-004   7.781116e-003  -3.949258e-002  -6.782318e-003  -6.099251e-002  -5.451571e-002   3.578019e-002  -3.878263e-002   1.807505e-002
  9.597203e-001   2.188518e-002   2.194007e-002  -4.286138e-003   1.003160e-002   2.723738e-002   2.869835e-002   4.720359e-002   9.597203e-001   1.413834e-002  -1.392496e-003   1.151230e-002   7.812360e-002  -6.847239e-003  -2.721800e-002   7.594054e-003   5.036043e-002  -4.756150e-003   8.555808e-003  -5.364407e-002   5.560780e-002
  9.720311e-001   3.845826e-002  -4.549970e-002   3.419555e-002   3.483206e-002  -3.640330e-002  -4.000663e-002  -4.889321e-002   1.413834e-002   9.720311e-001  -4.537352e-003  -1.021687e-002   4.663161e-002   6.371030e-003  -6.324111e-002   3.446217e-002  -8.535830e-003   5.716780e-002  -4.037102e-002   2.375787e-002  -1.205795e-002
  1.080705e+000   1.058327e-002  -8.750376e-003  -7.426584e-003   3.600196e-002  -2.704951e-002   4.533910e-003   6.863572e-003  -1.392496e-003  -4.537352e-003   1.080705e+000   3.021015e-002  -2.391763e-002  -4.923159e-002  -3.738392e-002  -2.823257e-002  -3.766050e-002  -5.016890e-002   4.091820e-002  -5.312064e-003  -1.776548e-003
  1.024272e+000  -7.202205e-002  -2.879829e-002   2.115761e-002  -2.782195e-002   1.599863e-002   2.371975e-002   2.013591e-002   1.151230e-002  -1.021687e-002   3.021015e-002   1.024272e+000  -2.689259e-002   8.184696e-002  -3.474795e-003   3.525669e-002   3.018209e-002  -1.010107e-002   2.303476e-002   9.054091e-002   9.182246e-003
  9.212000e-001  -3.476327e-002   8.064164e-004   8.330742e-003   1.348834e-003  -7.529629e-003   3.046270e-002   4.698222e-004   7.812360e-002   4.663161e-002  -2.391763e-002  -2.689259e-002   9.212000e-001  -9.140293e-002  -5.214293e-002  -4.215160e-002   1.738714e-002  -1.159310e-002  -2.374623e-002  -2.919508e-002  -1.689077e-002
  9.438522e-001   1.549617e-003   4.541028e-002  -4.183563e-003  -4.534031e-002  -2.013267e-003  -1.495967e-002   7.781116e-003  -6.847239e-003   6.371030e-003  -4.923159e-002   8.184696e-002  -9.140293e-002   9.438522e-001  -3.085895e-002   1.121323e-002   6.152797e-002   2.699960e-002   2.897529e-002   2.479175e-002  -5.918108e-002
  1.027371e+000  -4.273279e-002   9.582044e-003  -3.385282e-002   1.947374e-002  -2.868226e-002  -3.885282e-002  -3.949258e-002  -2.721800e-002  -6.324111e-002  -3.738392e-002  -3.474795e-003  -5.214293e-002  -3.085895e-002   1.027371e+000  -6.571274e-002   7.830591e-003   5.047562e-003  -4.269037e-002   4.166139e-002  -2.750140e-002
  9.336249e-001   6.455258e-004  -1.533496e-002  -5.612517e-002   5.043710e-002  -4.218689e-002   6.345549e-002  -6.782318e-003   7.594054e-003   3.446217e-002  -2.823257e-002   3.525669e-002  -4.215160e-002   1.121323e-002  -6.571274e-002   9.336249e-001   4.626584e-003  -5.108534e-002  -4.901310e-002   4.468555e-002  -1.209611e-002
  9.192510e-001  -4.880232e-002   6.636514e-003   7.035353e-003  -1.567663e-002  -3.636951e-002   1.059936e-001  -6.099251e-002   5.036043e-002  -8.535830e-003  -3.766050e-002   3.018209e-002   1.738714e-002   6.152797e-002   7.830591e-003   4.626584e-003   9.192510e-001  -4.940347e-002   2.316820e-002  -8.930853e-003  -3.082501e-002
  9.328220e-001   2.487649e-003  -1.801376e-002   1.853922e-002   3.334247e-002   8.468961e-004   6.090874e-003  -5.451571e-002  -4.756150e-003   5.716780e-002  -5.016890e-002  -1.010107e-002  -1.159310e-002   2.699960e-002   5.047562e-003  -5.108534e-002  -4.940347e-002   9.328220e-001   2.395401e-002   1.645652e-002  -6.575245e-003
  9.123654e-001   3.098208e-002  -5.731500e-002   1.884583e-002   2.209645e-002  -4.993706e-002  -5.366134e-003   3.578019e-002   8.555808e-003  -4.037102e-002   4.091820e-002   2.303476e-002  -2.374623e-002   2.897529e-002  -4.269037e-002  -4.901310e-002   2.316820e-002   2.395401e-002   9.123654e-001  -1.423214e-002   5.052758e-002
  9.801776e-001   1.013257e-002   6.779694e-003  -1.177073e-002  -6.705729e-002   3.899617e-003   2.328972e-002  -3.878263e-002  -5.364407e-002   2.375787e-002  -5.312064e-003   9.054091e-002  -2.919508e-002   2.479175e-002   4.166139e-002   4.468555e-002  -8.930853e-003   1.645652e-002  -1.423214e-002   9.801776e-001  -8.997449e-002
  1.102848e+000  -8.128013e-003   3.884381e-002  -2.448935e-002   3.269776e-002  -1.242158e-002  -1.135107e-003   1.807505e-002   5.560780e-002  -1.205795e-002  -1.776548e-003   9.182246e-003  -1.689077e-002  -5.918108e-002  -2.750140e-002  -1.209611e-002  -3.082501e-002  -6.575245e-003   5.052758e-002  -8.997449e-002   1.102848e+000

